x = [-0.0 -0.0 -0.0 -0.0 -0.0 -0.0 -0.0 -0.0 -0.0 -0.0 0.0 0.0 0.0 -0.0 0.0 -0.0 0.0; -0.0 -0.0 -0.0 -0.0 -0.0 0.0 0.0 0.0 -0.0 -0.0 0.0 0.0 0.0 1.0 1.0 1.0 -0.0; 1.0 1.0 1.0 -0.0 1.0 1.0 1.0 1.0000000000000004 1.0000000000000004 0.0 0.0 0.0 0.0 1.0 1.0 1.0 0.0; 1.0 1.0 1.0 -0.0 1.0 1.0 1.0 1.0000000000000004 1.0000000000000004 0.0 -0.0 -0.0 -0.0 1.0 1.0 1.0 0.0; 1.0 1.0 1.0 -0.0 1.0 1.0 1.0 1.0000000000000004 1.0000000000000004 -0.0 0.0 0.0 0.0 0.0 0.0 0.0 0.0; -0.0 -0.0 -0.0 -0.0 -0.0 0.0 0.0 0.0 0.0 0.0 -0.0 -0.0 0.0 0.0 0.0 0.0 -0.0; -0.0 -0.0 -0.0 0.0 0.0 0.0 0.0 0.0 0.0 0.0 -0.0 0.0 0.0 0.0 0.0 -0.0 -0.0; 0.0 0.0 0.0 0.0 1.0000000000000009 1.0000000000000009 1.0000000000000009 0.0 0.0 0.0 0.0 0.0 0.0 0.0 0.0 -0.0 -0.0; 0.0 0.0 0.0 0.0 1.0000000000000009 1.0000000000000009 1.0000000000000009 0.0 0.0 -0.0 0.0 0.0 0.0 0.0 0.0 -0.0 -0.0; 0.0 0.0 0.0 0.0 1.0 1.0 1.0 0.0 -0.0 -0.0 0.0 0.0 0.0 0.0 0.0 -0.0 -0.0; -0.0 -0.0 0.0 0.0 1.0 1.0 1.0 -0.0 0.0 1.0 1.0 1.0 -0.0 -0.0 -0.0 -0.0 -0.0; -0.0 -0.0 0.0 0.0 1.0 1.0 1.0 0.0 0.0 1.0 1.0 1.0 0.0 0.0 -0.0 -0.0 -0.0; -0.0 -0.0 0.0 0.0 0.0 -0.0 -0.0 0.0 0.0 1.0 1.0 1.0 0.0 0.0 0.0 -0.0 -0.0; -0.0 0.9999999999999992 1.0 1.0 0.9999999999999992 -0.0 -0.0 -0.0 0.0 0.0 0.0 -0.0 -0.0 0.0 0.0 0.0 -0.0; -0.0 0.9999999999999992 0.9999999999999992 0.9999999999999992 0.9999999999999992 -0.0 -0.0 -0.0 -0.0 0.9999999999999998 0.9999999999999998 0.9999999999999998 0.9999999999999998 0.0 0.0 0.0 0.0; -0.0 0.9999999999999992 0.9999999999999992 0.9999999999999992 0.9999999999999992 -0.0 -0.0 -0.0 -0.0 0.9999999999999998 0.9999999999999998 0.9999999999999998 0.9999999999999998 0.0 0.0 0.0 0.0; 0.0 0.0 0.0 0.0 0.0 -0.0 -0.0 -0.0 -0.0 0.9999999999999998 0.9999999999999998 0.9999999999999998 0.9999999999999998 0.0 0.0 0.0 0.0]
y = [0.0 0.0 0.0 0.0 0.0 0.0 0.0 0.0 0.0 0.0 0.0 0.0 0.0 0.0 0.0 0.0 0.0; 0.0 -0.0 -0.0 -0.0 -0.0 -0.0 -0.0 -0.0 -0.0 -0.0 -0.0 0.0 -0.0 -0.0 -0.0 0.0 0.0; 0.0 -0.0 -0.0 -0.0 -0.0 -0.0 0.0 -0.0 -0.0 -0.0 -0.0 -0.0 -0.0 -0.0 1.0 -0.0 0.0; 0.0 1.0 -0.0 -0.0 -0.0 1.0 1.0000000000000013 1.0000000000000004 0.0 -0.0 -0.0 -0.0 -0.0 -0.0 -0.0 0.0 0.0; 0.0 -0.0 -0.0 -0.0 -0.0 -0.0 -0.0 -0.0 -0.0 -0.0 -0.0 -0.0 -0.0 -0.0 0.0 -0.0 0.0; 0.0 -0.0 -0.0 -0.0 -0.0 -0.0 0.0 0.0 -0.0 -0.0 -0.0 0.0 -0.0 0.0 -0.0 -0.0 0.0; 0.0 -0.0 -0.0 -0.0 -0.0 -0.0 -0.0 -0.0 0.0 -0.0 -0.0 -0.0 -0.0 0.0 -0.0 -0.0 0.0; 0.0 -0.0 -0.0 -0.0 0.0 -0.0 -0.0 -0.0 -0.0 -0.0 -0.0 -0.0 -0.0 -0.0 -0.0 -0.0 0.0; 0.0 0.0 0.0 -0.0 -0.0 1.0000000000000009 -0.0 -0.0 -0.0 -0.0 -0.0 0.0 -0.0 0.0 -0.0 -0.0 0.0; 0.0 -0.0 -0.0 -0.0 -0.0 1.0000000000000009 -0.0 0.0 -0.0 -0.0 -0.0 -0.0 -0.0 -0.0 -0.0 -0.0 0.0; 0.0 -0.0 -0.0 -0.0 -0.0 1.0 -0.0 -0.0 -0.0 -0.0 -0.0 -0.0 -0.0 -0.0 -0.0 -0.0 0.0; 0.0 -0.0 -0.0 0.0 -0.0 -0.0 -0.0 -0.0 -0.0 -0.0 1.0 -0.0 -0.0 -0.0 -0.0 -0.0 0.0; 0.0 -0.0 -0.0 0.0 -0.0 -0.0 -0.0 -0.0 0.0 0.0 -0.0 -0.0 0.0 -0.0 -0.0 -0.0 0.0; 0.0 -0.0 -0.0 -0.0 -0.0 -0.0 -0.0 -0.0 -0.0 -0.0 -0.0 -0.0 -0.0 0.0 -0.0 0.0 0.0; 0.0 -0.0 0.9999999999999992 0.9999999999999992 -0.0 -0.0 -0.0 -0.0 -0.0 -0.0 -0.0 -0.0 -0.0 -0.0 0.0 0.0 0.0; 0.0 0.0 0.0 0.0 0.0 0.0 -0.0 -0.0 -0.0 -0.0 0.9999999999999998 0.9999999999999998 0.0 0.0 0.0 0.0 0.0; 0.0 0.0 0.0 0.0 0.0 0.0 0.0 0.0 0.0 0.0 0.0 0.0 0.0 0.0 0.0 0.0 0.0]
cout = 755
resolution_time = 0.38
nb_noeuds = 0
surv_proba =[0.9, 0.9, 0.91, 0.93, 0.99, 0.59]
