x = [-0.0 0.0 0.0 0.0 1.0000000000000002 1.0000000000000002 1.0000000000000002 1.0 1.0 -0.0; 1.0 1.0 1.0 0.0 1.0 1.0 1.0 0.9999999999999998 1.0 -0.0; 1.0 1.0 1.0 0.0 1.0 1.0 1.0 0.9999999999999998 1.0 -0.0; 1.0 1.0 1.0 -0.0 1.0 1.0 1.0 0.9999999999999998 0.0 0.0; 0.0 -0.0 -0.0 -0.0 0.9999999999999999 0.9999999999999999 1.0 0.0 -0.0 -0.0; -0.0 -0.0 0.0 0.0 0.0 0.0 0.0 0.0 -0.0 -0.0; -0.0 1.0 1.0 1.0 0.0 0.0 -0.0 1.0 1.0 1.0; 0.0 1.0 1.0 1.0 -0.0 -0.0 0.0 1.0 1.0 1.0; 0.0 1.0 1.0 1.0 -0.0 -0.0 -0.0 1.0 1.0 1.0; 0.0 1.0 1.0 1.0 -0.0 0.0 0.0 0.0 0.0 0.0]
y = [0.0 0.0 0.0 0.0 0.0 0.0 0.0 0.0 0.0 0.0; 0.0 -0.0 0.0 -0.0 -0.0 1.0000000000000002 1.0 1.0 -0.0 0.0; 0.0 1.0 -0.0 -0.0 -0.0 1.0 0.9999999999999998 -0.0 -0.0 0.0; 0.0 -0.0 -0.0 -0.0 -0.0 0.9999999999999999 -0.0 -0.0 -0.0 0.0; 0.0 -0.0 -0.0 -0.0 -0.0 -0.0 -0.0 0.0 0.0 0.0; 0.0 -0.0 -0.0 -0.0 -0.0 -0.0 -0.0 -0.0 -0.0 0.0; 0.0 0.0 -0.0 0.0 0.0 -0.0 0.0 -0.0 -0.0 0.0; 0.0 0.0 1.0 -0.0 -0.0 -0.0 -0.0 -0.0 1.0 0.0; 0.0 0.0 1.0 -0.0 0.0 0.0 0.0 0.0 0.0 0.0; 0.0 0.0 0.0 0.0 0.0 0.0 0.0 0.0 0.0 0.0]
cout = 495
resolution_time = 0.04
nb_noeuds = 0
surv_proba =[0.82, 0.82, 0.85, 0.76, 0.74, 0.75]
