x = [0.0 0.0 1.0 1.0 1.0 0.0 0.0 1.0 1.0 1.0; 0.0 0.0 1.0 1.0 1.0 0.0 0.0 1.0 1.0 1.0; 0.0 0.0 1.0 1.0 1.0 1.0 1.0 1.0 1.0 1.0; 1.0 1.0 1.0 1.0 1.0 1.0 1.0 1.0 1.0 0.0; 1.0 1.0 1.0 1.0 1.0 1.0 1.0 1.0 1.0 0.0; 1.0 1.0 1.0 1.0 1.0 1.0 1.0 1.0 1.0 1.0; 0.0 0.0 -0.0 -0.0 1.0 1.0 1.0 1.0 1.0 1.0; 0.0 0.0 -0.0 1.0 1.0 1.0 1.0 1.0 1.0 1.0; 0.0 0.0 0.0 1.0 1.0 1.0 1.0000000000000018 0.0 0.0 0.0; 0.0 0.0 0.0 1.0 1.0 1.0 0.0 0.0 0.0 0.0]
y = [0.0 0.0 0.0 0.0 0.0 0.0 0.0 0.0 0.0 0.0; 0.0 0.0 0.0 1.0 0.0 0.0 0.0 0.0 1.0 0.0; 0.0 0.0 0.0 1.0 0.0 0.0 0.0 0.0 0.0 0.0; 0.0 0.0 0.0 1.0 1.0 1.0 1.0 1.0 0.0 0.0; 0.0 1.0 1.0 1.0 1.0 1.0 1.0 1.0 0.0 0.0; 0.0 0.0 -0.0 -0.0 -0.0 1.0 1.0 1.0 0.0 0.0; 0.0 0.0 0.0 -0.0 -0.0 1.0 1.0 1.0 1.0 0.0; 0.0 0.0 0.0 0.0 -0.0 1.0000000000000018 0.0 0.0 0.0 0.0; 0.0 0.0 0.0 0.0 1.0 0.0 0.0 0.0 0.0 0.0; 0.0 0.0 0.0 0.0 0.0 0.0 0.0 0.0 0.0 0.0]
cout = 372
resolution_time = 0.04
nb_noeuds = 0
surv_proba =[0.81, 0.81, 0.83, 0.97, 0.94, 0.98]
