x = [-0.0 -0.0 -0.0 0.0 0.0 0.0 0.0 0.0 0.0 0.0; -0.0 -0.0 -0.0 0.0 0.0 0.0 0.0 0.0 0.0 0.0; -0.0 -0.0 -0.0 0.0 0.0 0.0 0.0 0.0 0.0 0.0; -0.0 -0.0 0.0 -0.0 0.0 0.0 0.0 0.0 0.0 0.0; -0.0 -0.0 0.0 -0.0 0.0 -0.0 0.0 -0.0 -0.0 -0.0; -0.0 -0.0 0.0 0.0 0.9999999999999999 0.9999999999999999 0.9999999999999999 -0.0 -0.0 -0.0; 0.0 0.0 0.0 0.0 0.9999999999999999 0.9999999999999999 0.9999999999999999 0.0 -0.0 -0.0; 0.0 0.0 1.0 0.0 0.9999999999999999 0.9999999999999999 0.9999999999999999 1.0 1.0 1.0; 0.0 0.0 0.0 0.0 0.0 -0.0 0.0 1.0 1.0 1.0; 0.0 0.0 0.0 0.0 0.0 0.0 0.0 1.0 1.0 1.0]
y = [0.0 0.0 0.0 0.0 0.0 0.0 0.0 0.0 0.0 0.0; 0.0 -0.0 -0.0 -0.0 0.0 0.0 -0.0 0.0 0.0 0.0; 0.0 -0.0 -0.0 -0.0 -0.0 0.0 -0.0 -0.0 0.0 0.0; 0.0 -0.0 -0.0 -0.0 -0.0 0.0 -0.0 -0.0 0.0 0.0; 0.0 -0.0 -0.0 -0.0 -0.0 0.0 -0.0 0.0 0.0 0.0; 0.0 -0.0 -0.0 -0.0 -0.0 -0.0 -0.0 -0.0 -0.0 0.0; 0.0 0.0 -0.0 0.0 -0.0 0.9999999999999999 -0.0 0.0 -0.0 0.0; 0.0 0.0 -0.0 0.0 -0.0 -0.0 -0.0 -0.0 -0.0 0.0; 0.0 0.0 0.0 0.0 0.0 0.0 0.0 0.0 1.0 0.0; 0.0 0.0 0.0 0.0 0.0 0.0 0.0 0.0 0.0 0.0]
cout = 312
resolution_time = 0.08
nb_noeuds = 0
surv_proba =[0.5, 0.5, 0.5, 0.5, 0.75, 0.53]
