x = [0.0 -0.0 -0.0 1.0000000000000004 1.0 1.0 1.0 -0.0 -0.0 0.0; 0.0 -0.0 -0.0 1.0000000000000004 1.0 1.0 1.0 -0.0 -0.0 0.0; 0.0 -0.0 1.0 1.0 1.0 1.0 1.0 -0.0 -0.0 -0.0; 0.0 0.0 1.0 1.0 1.0 -0.0 -0.0 1.0 1.0 1.0; -0.0 -0.0 1.0 1.0 1.0 -0.0 -0.0 1.0 1.0 1.0; -0.0 0.0 0.0 0.0 0.0 -0.0 -0.0 1.0 1.0 1.0; -0.0 -0.0 0.0 0.0 0.0 -0.0 -0.0 0.0 0.0 0.0; -0.0 -0.0 -0.0 -0.0 -0.0 -0.0 -0.0 -0.0 -0.0 -0.0; -0.0 -0.0 -0.0 -0.0 -0.0 -0.0 -0.0 -0.0 -0.0 -0.0; 0.0 -0.0 -0.0 -0.0 -0.0 -0.0 -0.0 0.0 0.0 0.0]
y = [0.0 0.0 0.0 0.0 0.0 0.0 0.0 0.0 0.0 0.0; 0.0 0.0 -0.0 -0.0 1.0000000000000004 1.0 -0.0 -0.0 0.0 0.0; 0.0 0.0 -0.0 -0.0 -0.0 -0.0 -0.0 -0.0 0.0 0.0; 0.0 0.0 -0.0 1.0 -0.0 -0.0 -0.0 -0.0 -0.0 0.0; 0.0 0.0 0.0 -0.0 -0.0 -0.0 -0.0 -0.0 1.0 0.0; 0.0 -0.0 -0.0 0.0 -0.0 -0.0 -0.0 -0.0 -0.0 0.0; 0.0 -0.0 -0.0 -0.0 -0.0 -0.0 -0.0 -0.0 -0.0 0.0; 0.0 -0.0 -0.0 -0.0 -0.0 -0.0 -0.0 -0.0 -0.0 0.0; 0.0 0.0 -0.0 -0.0 -0.0 -0.0 0.0 0.0 0.0 0.0; 0.0 0.0 0.0 0.0 0.0 0.0 0.0 0.0 0.0 0.0]
cout = 257
resolution_time = 0.03
nb_noeuds = 0
surv_proba =[0.52, 0.58, 0.52, 0.82, 0.5, 0.79]
