x = [0.0 0.0 0.0 1.0 -0.0 -0.0 0.0 0.0 0.0 0.0 0.0 0.0 -0.0; 0.0 0.0 0.0 0.0 -0.0 -0.0 0.0 0.0 0.0 0.0 0.0 0.0 -0.0; 0.9999999999999999 0.9999999999999999 0.9999999999999999 1.0000000000000004 0.9999999999999999 -0.0 -0.0 -0.0 -0.0 0.0 0.0 0.0 -0.0; 0.9999999999999999 1.0 0.9999999999999999 1.0 1.0 1.0 1.0 1.0 0.0 0.0 0.0 0.0 -0.0; 0.9999999999999999 0.9999999999999999 0.9999999999999999 1.0 1.0 1.0 1.0 1.0 0.0 0.0 0.0 0.0 -0.0; -0.0 0.0 0.0 1.0 1.0 1.0 1.0 1.0 0.0 0.0 0.0 0.0 -0.0; 0.0 0.0 0.0 0.0 0.0 0.0 0.0 -0.0 -0.0 -0.0 1.0 0.0 0.0; 0.0 0.0 1.0 1.0 1.0 -0.0 0.0 -0.0 -0.0 -0.0 0.0 0.0 0.0; 0.0 0.0 1.0 1.0 1.0 -0.0 -0.0 -0.0 -0.0 -0.0 0.0 0.0 0.0; 0.0 0.0 1.0 1.0 1.0 1.0000000000000002 -0.0 1.0 0.0 0.0 0.0 0.0 0.0; 0.0 0.0 0.0 1.0 0.0 -0.0 -0.0 -0.0 0.0 0.0 -0.0 -0.0 0.0; 0.0 0.0 0.0 0.0 0.0 -0.0 -0.0 -0.0 0.0 1.0 0.0 -0.0 0.0; 0.0 0.0 0.0 0.0 -0.0 1.0 -0.0 -0.0 -0.0 -0.0 0.0 0.0 0.0]
y = [0.0 0.0 0.0 0.0 0.0 0.0 0.0 0.0 0.0 0.0 0.0 0.0 0.0; 0.0 0.0 0.0 0.0 -0.0 -0.0 -0.0 0.0 -0.0 -0.0 0.0 -0.0 0.0; 0.0 0.0 0.0 -0.0 -0.0 -0.0 -0.0 -0.0 -0.0 -0.0 0.0 -0.0 0.0; 0.0 0.9999999999999999 0.9999999999999999 0.9999999999999999 -0.0 -0.0 -0.0 -0.0 -0.0 -0.0 -0.0 -0.0 0.0; 0.0 -0.0 -0.0 -0.0 1.0 1.0 1.0 -0.0 -0.0 -0.0 -0.0 -0.0 0.0; 0.0 -0.0 -0.0 -0.0 -0.0 -0.0 -0.0 -0.0 -0.0 -0.0 0.0 -0.0 0.0; 0.0 -0.0 0.0 -0.0 -0.0 -0.0 -0.0 -0.0 -0.0 -0.0 -0.0 -0.0 0.0; 0.0 0.0 0.0 -0.0 -0.0 0.0 -0.0 -0.0 -0.0 -0.0 -0.0 -0.0 0.0; 0.0 -0.0 -0.0 1.0 -0.0 -0.0 -0.0 -0.0 -0.0 -0.0 -0.0 0.0 0.0; 0.0 0.0 -0.0 -0.0 -0.0 -0.0 -0.0 -0.0 -0.0 -0.0 -0.0 0.0 0.0; 0.0 0.0 -0.0 -0.0 -0.0 -0.0 -0.0 -0.0 -0.0 0.0 -0.0 0.0 0.0; 0.0 0.0 0.0 -0.0 -0.0 -0.0 -0.0 -0.0 -0.0 0.0 0.0 0.0 0.0; 0.0 0.0 0.0 0.0 0.0 0.0 0.0 0.0 0.0 0.0 0.0 0.0 0.0]
cout = 226
resolution_time = 0.09
nb_noeuds = 0
surv_proba =[0.52, 0.52, 0.51, 0.9, 0.91, 0.9]
