x = [0.0 -0.0 0.0 0.0 0.0 0.0 0.0 0.0 1.0 0.0; -0.0 -0.0 0.0 0.0 0.0 -0.0 0.0 0.0 0.0 0.0; -0.0 -0.0 0.0 -0.0 0.0 1.0 1.0 1.0 0.0 0.0; -0.0 -0.0 0.0 0.0 0.0 1.0 1.0 1.0 0.0 0.0; 0.0 1.0 1.0 0.0 0.0 1.0 1.0 1.0 0.0 -0.0; 0.0 0.0 0.0 0.0 0.0 0.0 0.0 0.0 0.0 -0.0; 0.0 0.0 0.0 -0.0 0.0 0.0 0.0 0.0 0.0 -0.0; 0.0 -0.0 -0.0 1.0000000000000009 1.0 1.0000000000000009 1.0000000000000009 1.0000000000000009 1.0000000000000009 0.0; -0.0 -0.0 -0.0 1.0000000000000009 1.0000000000000009 1.0000000000000009 1.0000000000000009 1.0000000000000009 1.0000000000000009 -0.0; -0.0 -0.0 0.9999999999999996 1.0000000000000009 1.0000000000000009 1.0000000000000009 1.0000000000000009 1.0000000000000009 1.0000000000000009 -0.0]
y = [0.0 0.0 0.0 0.0 0.0 0.0 0.0 0.0 0.0 0.0; 0.0 -0.0 -0.0 0.0 -0.0 -0.0 -0.0 0.0 0.0 0.0; 0.0 0.0 0.0 0.0 0.0 -0.0 -0.0 -0.0 0.0 0.0; 0.0 -0.0 -0.0 -0.0 -0.0 -0.0 1.0 -0.0 -0.0 0.0; 0.0 -0.0 -0.0 -0.0 -0.0 -0.0 -0.0 -0.0 -0.0 0.0; 0.0 0.0 -0.0 -0.0 -0.0 -0.0 0.0 0.0 -0.0 0.0; 0.0 -0.0 0.0 -0.0 -0.0 0.0 -0.0 -0.0 -0.0 0.0; 0.0 -0.0 -0.0 -0.0 -0.0 -0.0 -0.0 -0.0 0.0 0.0; 0.0 -0.0 -0.0 -0.0 1.0000000000000009 1.0000000000000009 1.0000000000000009 1.0000000000000009 -0.0 0.0; 0.0 0.0 0.0 0.0 0.0 0.0 0.0 0.0 0.0 0.0]
cout = 234
resolution_time = 0.11
nb_noeuds = 0
surv_proba =[0.5, 0.5, 0.58, 0.91, 0.92, 0.91]
