alpha = [0.5, 0.5, 0.5, 0.5, 0.5, 0.5]
x = [0.0 0.0 0.0 1.0000000000000002 0.0 0.0 0.0 0.0 0.0 -0.0; 0.0 0.0 0.0 0.0 0.0 0.0 1.0 1.0 1.0 0.0; 0.0 0.0 0.0 0.0 0.0 0.0 1.0 1.0 1.0 -0.0; 0.0 -0.0 0.0 0.0 0.0 0.0 1.0 1.0 1.0 -0.0; 0.0 0.0 0.0 0.0 1.0 1.0 1.0 1.0 1.0 0.0; 1.0 0.0 0.0 0.0 1.0 1.0 1.0 0.0 0.0 0.0; 0.0 0.0 0.0 0.0 0.9999999999999987 1.0 1.0 0.0 0.0 0.0; 1.0 1.0 1.0 1.0 1.0 1.0 1.0 0.0 -0.0 0.0; 1.0 1.0 1.0 1.0 1.0 1.0 1.0 -0.0 0.0 0.0; 1.0 1.0 1.0 1.0 1.0 1.0 1.0 0.0 -0.0 0.0]
y = [0.0 0.0 0.0 0.0 0.0 0.0 0.0 0.0 0.0 0.0; 0.0 0.0 0.0 0.0 -0.0 -0.0 -0.0 -0.0 -0.0 0.0; 0.0 0.0 0.0 -0.0 -0.0 -0.0 -0.0 1.0 0.0 0.0; 0.0 0.0 -0.0 -0.0 0.0 -0.0 -0.0 1.0 -0.0 0.0; 0.0 -0.0 -0.0 -0.0 -0.0 -0.0 -0.0 -0.0 -0.0 0.0; 0.0 0.0 -0.0 0.0 -0.0 1.0 -0.0 -0.0 0.0 0.0; 0.0 -0.0 -0.0 -0.0 -0.0 1.0 -0.0 -0.0 0.0 0.0; 0.0 -0.0 -0.0 -0.0 -0.0 1.0 -0.0 -0.0 0.0 0.0; 0.0 1.0 1.0 1.0 1.0 1.0 -0.0 -0.0 0.0 0.0; 0.0 0.0 0.0 0.0 0.0 0.0 0.0 0.0 0.0 0.0]
cout = 478
time = 0.07
nb_noeuds = 0
surv_proba =[0.52, 0.52, 0.55, 0.56, 0.71, 0.56]
