alpha = [0.5, 0.5, 0.5, 0.5, 0.5, 0.5]
x = [0.0 0.0 0.0 0.0 0.0 0.0 0.0 0.0 0.0 -0.0; 0.0 -0.0 -0.0 -0.0 0.0 0.0 0.0 0.0 0.0 0.0; 0.0 -0.0 0.0 0.0 1.0 1.0 1.0 1.0 0.0 -0.0; -0.0 0.0 0.0 -0.0 0.9999999999999993 0.9999999999999993 1.0 1.0 0.0 -0.0; -0.0 -0.0 -0.0 -0.0 0.9999999999999993 0.9999999999999993 1.0 1.0 0.0 0.0; -0.0 -0.0 -0.0 0.0 0.0 1.0000000000000004 1.0000000000000004 1.0000000000000004 0.0 -0.0; -0.0 -0.0 -0.0 0.0 0.0 1.0 1.0 1.0 -0.0 -0.0; -0.0 -0.0 -0.0 0.0 0.0 1.0 1.0 1.0 1.0 0.0; -0.0 -0.0 -0.0 -0.0 0.0 0.0 1.0 1.0 1.0 -0.0; -0.0 -0.0 -0.0 -0.0 -0.0 0.0 1.0 1.0 1.0 -0.0]
y = [0.0 0.0 0.0 0.0 0.0 0.0 0.0 0.0 0.0 0.0; 0.0 0.0 0.0 0.0 0.0 0.0 -0.0 -0.0 -0.0 0.0; 0.0 0.0 -0.0 -0.0 -0.0 -0.0 -0.0 -0.0 -0.0 0.0; 0.0 0.0 -0.0 -0.0 -0.0 0.9999999999999993 1.0 -0.0 -0.0 0.0; 0.0 -0.0 -0.0 -0.0 -0.0 -0.0 1.0 -0.0 -0.0 0.0; 0.0 -0.0 -0.0 -0.0 -0.0 -0.0 1.0 0.0 -0.0 0.0; 0.0 -0.0 -0.0 -0.0 -0.0 -0.0 1.0000000000000004 -0.0 0.0 0.0; 0.0 -0.0 -0.0 -0.0 -0.0 0.0 -0.0 -0.0 -0.0 0.0; 0.0 -0.0 -0.0 -0.0 -0.0 -0.0 0.0 1.0 -0.0 0.0; 0.0 0.0 0.0 0.0 0.0 0.0 0.0 0.0 0.0 0.0]
cout = 639
time = 0.05
nb_noeuds = 0
surv_proba =[0.5, 0.5, 0.52, 0.89, 0.88, 0.68]
