alpha = [0.5, 0.5, 0.5, 0.5, 0.5, 0.5]
x = [0.0 0.0 0.0 -0.0 -0.0 -0.0 1.0 0.0 0.0 0.0; -0.0 0.0 0.0 0.0 -0.0 -0.0 1.0 -0.0 -0.0 0.0; -0.0 -0.0 -0.0 -0.0 -0.0 0.0 0.0 -0.0 -0.0 -0.0; 0.0 -0.0 -0.0 -0.0 -0.0 -0.0 -0.0 -0.0 -0.0 -0.0; -0.0 -0.0 0.9999999999999999 1.0 1.0 1.0 1.0 1.0 1.0 1.0; 0.0 0.0 0.9999999999999999 1.0 1.0 1.0 1.0 1.0 1.0 1.0; 0.0 0.0 0.9999999999999999 1.0 1.0 1.0 1.0 1.0 1.0 1.0; 0.0 0.0 -0.0 0.0 0.0 0.0 0.0 -0.0 -0.0 -0.0; 0.0 -0.0 -0.0 0.0 -0.0 -0.0 -0.0 -0.0 -0.0 -0.0; 0.0 0.0 -0.0 -0.0 -0.0 -0.0 0.0 0.0 -0.0 -0.0]
y = [0.0 0.0 0.0 0.0 0.0 0.0 0.0 0.0 0.0 0.0; 0.0 0.0 0.0 -0.0 -0.0 -0.0 0.0 0.0 0.0 0.0; 0.0 -0.0 0.0 -0.0 0.0 -0.0 -0.0 -0.0 -0.0 0.0; 0.0 -0.0 -0.0 -0.0 -0.0 -0.0 -0.0 -0.0 -0.0 0.0; 0.0 -0.0 -0.0 -0.0 -0.0 -0.0 -0.0 -0.0 -0.0 0.0; 0.0 0.0 -0.0 0.9999999999999999 1.0 1.0 1.0 1.0 1.0 0.0; 0.0 0.0 -0.0 -0.0 -0.0 0.0 -0.0 -0.0 -0.0 0.0; 0.0 0.0 -0.0 -0.0 0.0 -0.0 -0.0 -0.0 -0.0 0.0; 0.0 0.0 -0.0 -0.0 -0.0 -0.0 -0.0 0.0 -0.0 0.0; 0.0 0.0 0.0 0.0 0.0 0.0 0.0 0.0 0.0 0.0]
cout = 383
time = 0.02
nb_noeuds = 0
surv_proba =[0.6, 0.5, 0.51, 0.58, 0.58, 0.8]
